63 70
54 63
55 70
28 63
65 70
18 65
18 50
50 76
2 76
4 18
0 76
76 78
67 78
46 54
3 70
3 24
63 77
26 46
41 50
10 46
20 54
10 93
69 78
53 78
64 93
49 63
58 76
17 58
25 65
58 79
79 83
31 93
3 68
17 96
50 84
57 83
2 5
1 53
17 23
1 62
23 85
10 21
76 86
36 49
42 96
0 16
41 97
38 46
22 70
13 68
22 39
25 90
43 90
23 33
66 86
51 97
37 70
31 88
4 59
29 58
60 76
14 86
46 72
15 59
67 99
16 35
29 92
9 25
77 89
66 98
56 63
30 79
20 32
60 73
13 81
1 11
3 52
82 86
42 91
8 55
6 41
7 56
47 60
47 74
37 95
27 83
48 58
75 95
25 80
18 40
34 79
19 41
39 87
1 45
50 94
43 61
33 44
12 89
63 71
64 67
54 69
56 76
42 58
48 56
41 95
6 47
19 46
12 48
22 65
27 73
20 87
67 75
9 41
21 41
18 38
3 43
39 43
83 95
20 76
67 73
10 11
61 62
33 82
1 35
20 96
44 93
34 81
35 83
28 90
86 97
50 51
1 40
66 87
86 91
78 88
65 76
52 94
7 33
62 80
17 37
45 95
24 68
42 67
52 64
38 48
40 87
73 97
3 21
57 65
87 93
3 46
28 37
40 55
24 70
72 82
1 95
60 67
34 53
8 82
65 85
9 75
82 99
47 65
28 66
23 63
32 75
22 76
15 95
54 96
74 88
14 26
21 62
13 75
17 93
17 60
19 79
21 45
40 96
46 65
12 79
33 51
21 52
10 76
70 78
19 49
13 89
1 36
6 42
4 89
6 23
20 92
3 94
34 80
15 17
41 89
70 73
18 91
58 84
5 11
60 81
