431 930
431 732
611 930
252 611
521 732
518 930
521 848
509 521
252 566
521 656
790 930
566 835
577 930
360 566
38 566
1 38
96 566
523 732
431 573
521 547
363 573
566 695
38 332
523 792
311 518
521 635
296 518
1 483
483 579
252 473
735 790
73 930
363 638
117 518
566 859
2 483
225 656
588 735
275 735
261 360
93 225
724 930
332 636
225 352
206 252
93 933
242 431
433 635
735 851
19 638
275 600
410 579
79 483
389 638
73 899
276 656
299 389
13 792
38 963
547 817
114 695
838 933
604 963
271 930
732 753
848 975
477 695
261 401
431 515
247 851
358 515
766 930
118 695
406 521
264 477
521 731
579 592
468 638
2 364
28 753
271 492
772 817
363 580
638 885
487 600
695 907
299 733
89 733
311 833
195 518
278 772
25 753
275 785
695 845
118 675
149 515
834 885
509 669
193 433
117 665
350 638
306 635
103 358
1 781
401 456
676 933
276 544
673 885
16 103
352 594
1 804
404 804
85 544
573 606
206 689
506 772
802 804
379 802
604 942
352 704
242 978
16 192
524 942
32 38
647 817
291 544
665 720
673 707
247 692
278 437
782 907
532 676
89 376
189 573
25 203
552 611
435 606
38 637
318 692
37 296
13 77
468 659
532 822
457 676
9 404
96 234
74 588
518 943
704 877
401 418
518 794
360 723
410 982
509 717
291 527
72 477
76 379
9 646
68 848
403 524
304 524
325 363
311 757
482 930
73 912
393 676
101 299
60 487
276 612
340 772
101 718
113 149
295 635
606 620
942 970
300 506
13 366
2 194
47 611
261 436
477 700
554 766
308 577
118 778
277 325
269 554
473 884
384 547
311 598
74 589
577 737
308 411
169 731
523 925
401 872
363 916
74 634
60 957
833 915
298 669
523 977
646 962
119 311
96 640
13 602
527 813
146 957
460 689
13 603
411 775
234 974
579 839
364 381
169 251
337 603
118 190
766 990
602 869
101 811
110 659
568 676
699 735
296 971
320 704
656 743
510 835
306 559
370 384
796 933
117 125
269 863
306 399
665 686
456 976
169 328
549 976
298 965
378 766
592 950
60 99
917 957
535 943
9 601
559 666
251 335
291 351
271 722
575 978
665 871
189 909
217 378
486 686
210 376
656 799
930 991
673 678
393 513
657 907
527 677
700 708
103 302
92 611
295 346
237 817
479 907
189 873
617 646
210 563
778 951
170 775
283 620
440 637
92 413
537 547
403 697
159 700
847 970
169 803
308 936
622 794
164 925
343 602
1 174
131 393
374 509
149 392
272 393
374 536
634 840
107 839
851 996
350 590
176 620
31 483
15 794
141 692
219 456
9 33
647 812
199 352
348 689
13 243
19 795
384 902
217 721
432 974
313 899
452 722
622 892
16 658
352 632
157 877
68 750
161 735
89 508
497 509
264 466
673 808
492 815
256 766
444 951
85 507
251 926
328 489
96 258
93 156
215 951
96 262
232 634
104 790
579 980
371 695
602 801
96 910
191 269
367 692
300 685
363 607
65 637
648 951
719 980
99 115
186 251
369 536
172 568
370 867
735 816
132 611
358 550
321 603
146 783
237 754
377 492
38 465
130 909
702 848
78 603
407 943
518 993
476 536
457 501
238 772
161 341
266 313
53 991
584 971
31 985
659 762
657 726
704 760
457 660
266 767
262 494
295 983
149 333
49 559
502 796
451 942
104 684
702 944
37 805
97 839
23 242
551 757
313 565
167 433
620 841
652 785
78 662
267 635
340 958
637 680
120 802
172 504
265 884
440 445
92 152
192 966
442 445
346 615
42 119
432 742
42 58
187 737
106 647
7 261
517 872
75 266
192 212
534 666
126 612
479 968
258 947
176 693
141 749
126 751
658 787
44 537
10 790
161 763
115 209
225 821
155 335
353 676
10 57
583 660
75 959
455 751
99 180
6 346
175 340
543 720
19 853
83 350
276 940
705 859
252 850
269 758
312 848
111 801
48 839
434 787
301 669
331 763
232 361
134 606
543 586
79 643
23 254
398 959
767 914
550 826
259 749
964 993
238 461
39 598
545 659
390 434
133 781
624 863
171 885
43 367
343 780
34 384
138 607
123 175
365 590
31 989
56 602
873 876
895 915
183 580
245 534
401 806
741 750
793 917
384 725
198 437
488 635
79 498
367 394
155 531
661 704
129 813
476 520
603 820
909 992
253 337
748 834
198 464
6 158
67 876
814 936
57 526
234 567
149 297
514 675
148 156
80 806
683 869
870 885
610 840
27 821
507 931
499 675
163 210
421 683
327 390
307 689
251 618
657 771
116 352
489 663
133 561
605 980
342 610
160 912
18 335
209 890
90 689
133 714
164 883
107 200
119 202
461 571
101 356
608 899
34 522
100 320
255 499
580 627
54 117
161 310
157 880
418 897
466 830
562 822
59 666
471 618
577 667
179 275
613 636
92 629
446 803
95 975
259 525
760 941
178 486
298 829
246 367
325 997
470 992
436 998
3 171
292 592
723 745
355 635
434 574
455 496
446 987
95 233
117 541
53 282
239 780
140 990
464 572
817 956
274 748
772 921
222 947
363 472
35 311
322 885
64 666
498 746
586 905
228 867
39 147
271 984
213 792
356 807
504 542
129 623
77 886
47 560
178 197
16 485
499 709
144 637
184 787
252 425
697 828
633 689
153 930
276 728
489 642
984 999
223 658
689 868
230 867
426 689
287 762
588 923
94 130
313 644
79 105
323 457
105 995
347 829
173 262
5 254
244 465
20 272
273 815
222 739
148 690
122 996
31 729
219 875
99 949
515 919
788 851
164 738
639 735
24 697
10 832
511 590
634 752
347 569
624 908
332 625
154 949
298 553
596 804
112 287
240 933
399 855
691 876
698 840
591 908
744 845
211 363
66 834
188 890
81 440
490 695
309 543
61 437
587 606
701 793
52 103
82 923
115 906
0 171
445 844
407 614
105 162
21 245
433 889
572 903
109 991
127 350
36 656
40 126
377 500
506 759
601 616
349 465
439 669
33 946
664 820
171 755
228 533
860 983
501 854
267 270
97 934
179 463
470 711
353 495
560 857
638 681
97 776
210 227
570 711
582 648
433 797
483 761
430 514
42 293
597 748
297 911
175 994
283 654
727 742
71 525
646 979
314 980
325 922
474 804
105 316
289 588
345 912
176 786
655 978
231 361
234 329
539 684
364 427
591 687
894 985
22 147
222 290
229 515
302 438
313 961
164 339
387 992
55 562
609 997
753 939
555 859
131 419
696 925
62 537
611 904
487 556
294 794
417 575
372 605
370 674
17 620
25 671
324 790
249 559
66 388
445 641
63 685
269 682
337 967
706 894
40 740
145 225
229 564
653 845
282 503
447 550
12 835
45 356
484 719
281 902
493 503
57 177
49 679
98 638
110 375
39 478
250 421
207 353
410 650
588 924
297 317
144 948
599 857
482 953
27 548
628 987
544 913
429 744
449 733
202 621
216 456
270 827
121 691
502 578
214 302
423 426
441 669
765 950
17 380
626 637
281 747
420 766
236 766
71 888
800 950
177 505
561 819
338 787
789 885
317 595
140 791
387 843
56 86
14 599
329 887
386 751
492 865
102 147
663 836
241 421
155 846
383 663
108 335
785 878
278 927
416 449
574 713
404 516
606 730
281 777
593 720
218 582
151 237
507 881
125 824
432 481
124 680
469 835
500 529
50 869
334 349
467 596
369 825
303 746
396 547
263 497
355 932
545 768
385 792
192 619
470 688
58 784
209 424
519 559
354 511
47 893
503 900
634 891
41 174
10 955
268 482
734 989
19 382
409 600
201 737
694 718
185 723
142 536
644 861
523 773
240 397
224 324
226 962
779 914
312 769
630 931
29 650
88 906
450 982
710 917
458 997
882 884
315 350
102 837
217 530
286 647
433 557
444 929
76 988
70 229
712 988
183 443
676 920
156 818
168 625
139 390
284 850
260 660
513 986
69 877
89 736
810 917
208 527
136 340
581 751
458 981
326 971
512 873
768 960
107 528
422 957
592 938
781 831
861 973
331 862
30 662
241 475
128 506
448 810
123 645
182 501
186 703
150 370
204 584
451 672
798 838
209 357
17 221
136 649
91 628
809 904
285 925
84 118
288 617
733 972
243 954
303 454
55 874
474 540
26 658
459 782
128 336
67 87
329 856
562 945
684 935
603 898
469 823
402 603
644 928
585 683
321 330
166 457
474 901
359 587
563 651
51 594
74 480
50 462
414 955
248 690
391 637
549 952
347 428
624 842
181 242
8 616
362 917
740 937
199 770
3 280
453 945
326 408
235 675
411 715
305 656
205 928
46 480
346 774
599 896
756 850
135 817
731 764
853 864
544 668
677 918
196 754
17 716
185 220
412 768
802 969
415 891
319 791
258 373
257 763
716 852
164 858
400 625
757 849
143 508
558 699
451 546
72 866
431 576
165 567
538 990
460 879
508 670
72 491
631 919
137 539
252 368
405 466
344 606
11 598
279 772
395 418
4 859
190 775
184 922
121 332
9 712
781 971
339 714
605 771
315 434
224 762
85 680
167 394
370 917
646 970
23 803
329 421
260 284
296 826
456 830
803 834
707 874
53 362
170 313
64 449
836 845
24 589
589 774
430 664
198 725
357 462
49 696
72 500
539 862
9 752
639 766
66 139
45 399
574 672
353 426
153 471
74 964
381 969
159 634
75 877
98 897
595 992
91 195
712 796
625 998
554 944
88 200
642 692
385 805
318 374
126 637
426 628
164 599
559 702
540 628
233 806
295 821
528 806
236 828
356 467
97 761
874 956
90 372
561 784
277 845
229 294
243 562
596 800
209 360
820 886
495 797
132 287
411 543
723 876
288 856
185 524
249 711
691 856
496 504
113 700
279 650
912 913
674 966
334 691
61 170
430 760
153 320
448 979
255 376
503 691
251 482
334 976
23 941
119 355
911 934
206 450
7 851
69 515
259 586
340 656
105 269
524 715
32 605
586 943
652 766
75 350
879 936
380 958
54 877
818 873
816 942
688 981
313 501
170 492
67 129
860 962
79 645
1 300
822 954
325 463
212 585
270 534
779 885
706 742
63 121
70 528
651 759
642 970
793 835
187 417
327 388
134 233
276 471
438 629
194 873
630 806
321 748
601 882
221 488
340 774
163 725
629 782
737 937
26 849
51 298
405 533
371 721
23 152
181 511
196 730
68 361
289 655
90 929
100 266
28 604
541 698
215 622
655 731
109 655
206 605
118 473
304 360
228 667
195 355
52 128
803 835
663 792
678 868
779 901
224 581
290 518
250 612
24 678
270 612
258 689
131 865
333 351
104 678
96 243
94 199
14 390
399 838
463 977
90 519
83 985
447 842
711 871
76 181
293 311
217 292
353 372
463 879
753 811
604 736
58 614
462 811
103 111
692 918
