10 56
56 86
10 91
71 91
4 71
49 71
49 64
22 56
65 86
74 86
72 86
10 21
33 49
22 37
25 65
9 37
21 62
18 64
7 62
16 21
16 43
49 52
7 45
36 72
36 73
43 47
89 91
50 89
18 46
71 80
38 72
18 67
37 76
23 65
50 99
40 73
12 21
15 91
16 79
89 95
23 90
20 65
67 68
23 26
1 68
15 66
47 61
40 88
23 39
47 84
49 94
71 75
30 80
0 50
32 67
47 97
43 83
54 84
87 90
5 62
41 43
31 71
69 80
7 13
59 76
44 86
14 64
68 77
51 83
20 24
28 40
29 86
19 75
53 80
13 70
54 57
77 85
54 60
6 10
42 61
17 19
25 27
55 79
48 77
8 79
2 26
3 73
34 53
63 85
35 75
51 78
58 90
32 81
11 63
91 96
5 92
56 98
62 93
13 82
64 70
18 73
9 23
41 72
38 75
32 47
24 42
57 89
26 92
8 76
39 78
53 89
86 89
18 43
0 59
37 67
43 56
56 76
6 92
10 24
45 92
31 98
1 98
5 72
12 81
13 74
64 76
19 30
36 40
33 47
28 65
37 38
11 49
58 83
44 50
27 76
0 77
12 44
23 95
38 65
45 67
62 91
20 56
72 80
39 97
51 87
13 64
1 69
65 96
8 53
70 71
22 90
19 62
22 70
47 53
29 71
79 95
3 93
32 37
34 61
25 68
4 48
25 62
27 42
10 70
44 90
60 68
14 16
16 29
48 61
53 68
68 99
89 99
17 41
42 70
12 35
19 29
63 79
38 70
15 40
90 98
23 49
5 59
25 89
27 33
10 38
39 86
24 80
0 41
3 64
60 72
17 51
5 56
7 8
4 22
13 63
80 97
17 38
11 91
32 92
27 82
