14 80
14 47
13 47
14 56
9 13
14 69
36 80
69 97
13 83
36 81
21 83
26 56
56 79
24 79
36 94
24 44
8 97
81 95
44 49
26 30
1 94
73 83
20 24
55 69
69 71
64 81
68 79
54 97
53 55
13 67
10 67
69 85
36 59
16 30
78 97
64 77
19 64
63 95
9 31
9 72
10 43
5 54
19 34
34 40
11 69
77 96
11 61
54 66
42 54
5 48
19 87
18 78
11 35
28 85
12 54
16 39
64 82
93 95
55 60
50 87
46 47
31 32
76 87
26 27
22 63
19 58
51 56
83 86
19 52
55 62
56 84
54 88
13 65
68 92
11 38
37 51
57 76
0 92
3 79
47 91
20 99
60 74
7 30
6 44
28 70
25 62
6 89
40 45
33 76
90 96
4 45
52 75
15 99
2 34
95 98
17 36
41 64
29 76
23 76
69 84
47 61
64 75
26 98
32 58
29 36
14 38
35 98
42 99
40 58
47 48
46 66
22 53
28 37
3 42
12 43
7 73
17 18
58 88
57 86
9 82
6 28
22 24
65 96
29 85
7 57
33 81
31 34
3 78
11 45
86 95
26 43
48 60
22 61
30 92
69 72
23 44
5 98
77 90
22 86
20 80
28 35
27 68
21 91
22 81
0 83
5 82
52 54
20 61
58 68
1 28
64 86
25 75
46 86
15 42
85 98
23 24
39 49
6 13
51 99
68 96
27 42
56 64
30 64
23 52
1 68
52 56
40 66
26 92
39 76
12 52
89 95
28 44
10 23
25 80
48 99
19 94
6 49
14 43
22 69
0 95
7 47
65 75
40 91
35 74
32 80
55 92
4 72
61 64
39 72
18 72
16 29
69 79
40 77
78 92
31 58
74 88
67 77
0 35
52 71
37 56
