0 74
4 74
4 96
0 86
6 86
0 90
45 96
0 94
0 21
70 94
45 93
45 53
6 36
48 94
3 93
6 85
0 97
70 71
50 74
44 48
16 21
0 14
21 47
21 64
4 19
81 97
61 71
31 97
44 82
33 64
59 96
39 45
53 88
79 82
19 52
53 57
3 87
19 69
45 58
14 25
54 87
15 85
29 31
93 95
55 88
48 65
57 89
83 85
49 52
62 87
27 96
31 35
4 73
40 70
23 29
15 60
41 88
37 86
56 73
19 34
19 43
20 54
28 89
55 63
49 77
33 92
17 53
16 18
57 66
29 68
2 96
6 9
12 85
32 89
35 46
11 50
34 38
76 94
2 51
22 71
29 42
27 78
13 25
61 99
1 37
30 66
8 76
47 84
7 90
52 75
24 93
71 80
30 72
26 43
8 98
5 41
44 91
33 67
10 54
0 65
2 22
42 86
15 97
42 47
84 96
60 97
2 20
14 89
46 97
50 58
49 62
52 63
21 53
33 36
29 47
31 71
29 58
12 74
48 63
7 40
1 14
7 13
16 63
3 80
53 81
33 99
1 60
32 59
89 98
16 81
76 92
32 98
6 72
26 89
28 91
18 73
42 55
18 65
8 99
46 83
50 86
58 81
34 45
4 23
21 81
35 98
77 87
10 74
12 26
47 94
46 84
7 48
55 77
4 39
7 96
60 70
41 74
17 49
33 71
50 95
5 11
28 94
73 97
91 95
13 17
30 68
35 72
26 27
44 99
88 94
21 68
18 33
14 97
30 95
31 98
15 26
4 9
44 70
53 67
39 80
47 72
14 31
16 59
7 28
33 68
24 85
8 74
0 9
30 96
2 82
7 21
18 36
3 36
67 80
6 62
14 37
7 52
5 69
3 31
71 85
