62 98
53 98
62 85
55 62
27 85
27 32
32 57
53 60
21 53
0 85
0 44
57 93
53 69
55 66
21 36
84 85
62 80
28 36
43 53
48 98
14 32
49 53
55 75
5 80
0 35
5 26
8 28
0 47
14 30
33 47
5 18
25 62
27 51
15 80
26 88
68 98
17 48
10 60
50 69
69 73
61 85
1 66
43 74
85 97
27 31
57 76
42 97
48 96
43 87
40 97
24 53
71 93
49 64
4 73
10 13
14 46
49 72
43 83
3 66
52 60
29 61
37 76
32 41
15 89
81 98
79 84
45 76
49 95
72 99
35 90
43 58
2 72
19 45
80 86
7 40
8 54
58 78
0 34
25 94
0 59
70 89
32 39
67 83
73 91
38 60
65 67
20 83
39 77
20 63
62 82
5 6
57 92
15 23
56 59
11 44
9 23
5 16
12 96
22 71
1 62
75 92
45 77
51 94
10 48
83 95
62 65
24 28
13 69
23 51
41 51
11 46
21 63
25 43
7 67
65 88
9 42
11 32
27 58
3 36
68 96
98 99
6 89
8 53
65 77
10 31
32 98
26 99
7 56
4 96
10 62
53 64
13 97
45 87
28 43
30 31
24 44
28 91
40 86
34 76
14 22
87 89
65 81
72 75
11 36
6 18
22 65
17 47
42 88
33 43
44 72
11 63
26 83
0 12
28 75
30 44
42 90
37 40
8 42
53 82
41 61
21 64
50 51
35 63
5 8
42 94
7 14
11 92
70 94
47 60
21 89
19 76
6 30
21 50
3 91
73 96
71 80
75 90
24 86
67 71
55 61
52 93
9 20
44 75
4 48
13 46
51 73
32 58
35 41
7 11
62 96
13 17
51 86
26 69
38 96
68 86
62 64
20 48
52 56
18 57
37 70
