4 64
48 64
48 60
19 48
48 63
54 63
43 63
4 39
14 54
48 96
14 92
9 14
28 96
39 51
50 54
5 50
4 30
5 67
60 78
51 76
51 69
21 78
60 82
48 49
30 84
11 30
30 70
51 61
11 77
78 81
24 70
57 69
7 14
4 93
35 48
2 67
56 76
60 94
65 92
67 73
17 73
14 59
36 93
12 76
23 64
14 52
12 66
25 35
0 39
52 85
5 79
29 67
6 25
16 21
5 10
10 99
69 89
23 88
12 87
79 83
16 72
3 93
68 92
20 94
56 62
6 80
25 97
27 92
55 97
14 58
22 63
91 97
37 73
8 97
49 53
36 40
34 92
13 48
75 81
47 84
31 70
44 89
93 95
74 85
21 38
4 42
33 99
13 41
66 98
45 89
11 18
0 90
15 87
26 28
7 71
65 86
32 68
28 46
1 13
5 40
2 21
85 96
13 97
50 60
1 7
58 72
14 18
28 84
33 79
21 46
1 62
9 26
1 22
2 57
19 82
7 39
42 69
53 65
41 54
80 88
38 72
28 98
33 80
22 85
3 76
36 97
59 75
27 96
25 52
31 73
46 85
1 97
13 45
4 90
59 76
58 73
37 96
73 93
69 92
17 28
46 88
38 62
19 28
25 61
18 22
93 97
32 49
32 83
25 32
67 74
8 17
35 39
43 88
20 51
82 83
65 91
6 92
52 81
38 49
88 90
25 33
41 99
49 77
2 94
6 42
2 5
32 42
31 37
28 72
50 86
36 74
23 31
18 31
29 43
24 41
8 35
68 89
31 78
25 54
39 68
71 76
24 98
40 90
26 50
21 71
2 56
26 37
40 69
63 74
61 80
22 66
62 68
46 97
14 35
40 80
40 45
81 83
65 96
15 57
64 89
