55 70
38 70
55 79
38 41
57 79
55 97
45 79
32 41
38 83
72 83
2 32
64 83
46 72
2 62
50 97
30 83
44 50
2 27
30 81
23 79
22 45
30 75
30 48
28 70
21 79
62 95
13 95
6 72
93 97
30 77
62 94
28 29
75 88
65 72
53 81
3 27
21 24
3 47
7 70
6 98
12 45
53 82
56 72
3 9
16 41
49 81
69 82
7 20
36 64
57 73
10 77
2 37
76 81
11 44
58 93
22 42
44 85
0 3
33 48
39 82
9 92
40 49
15 39
14 81
44 52
37 84
61 83
58 59
77 96
14 51
26 84
16 63
18 36
72 89
39 86
7 60
19 98
54 85
87 95
34 45
19 35
6 25
41 67
3 4
20 31
5 98
53 80
64 68
71 93
43 98
1 77
16 99
8 38
60 90
5 66
1 78
3 74
17 92
70 91
59 72
17 82
27 86
2 75
32 53
27 34
65 71
50 92
43 46
9 10
50 70
82 95
3 13
1 40
0 23
28 80
54 93
72 95
6 76
11 74
78 79
11 37
17 72
9 55
7 46
39 76
18 37
41 64
10 99
7 75
22 43
16 47
0 95
60 86
47 58
50 86
24 33
57 63
47 90
50 90
18 26
11 12
55 85
42 82
6 16
5 97
78 83
43 67
0 22
36 65
21 69
8 94
82 91
34 84
68 77
41 95
62 67
13 47
78 89
54 77
38 74
6 74
10 60
49 73
59 80
37 96
2 22
71 77
38 81
0 30
11 59
2 63
27 64
5 29
8 61
51 59
19 74
36 78
13 94
11 93
28 87
17 39
4 43
80 99
38 89
57 66
1 55
70 85
82 98
13 31
61 69
12 32
58 96
10 20
35 50
22 71
52 54
51 58
26 40
10 95
72 92
